000048
000529
000639
000702
000860
000876
000893
000895
000911
000972
002100
002124
002157
002220
002286
002311
002330
002385
002515
002548
002557
002567
002582
002604
002695
002702
002726
300138
300175
300268
600095
600127
600191
600251
600438
600695
600737
603609
000716
002216
002329
002481
002495
002507
002570
002626
002650
002661
002719
002732
300146
300149
300381
300401
600073
600186
600298
600305
600419
600429
600597
600866
600872
600873
600887
603288
000019
000557
000568
000596
000729
000752
000799
000848
000858
000869
000929
000995
002304
002387
002461
002646
600059
600084
600090
600132
600197
600199
600300
600365
600519
600543
600559
600573
600600
600616
600702
600779
600809
600962
601579
603369
